----------------------------------------------------------------------------------------------------------------------------------------------------------------------------------------------------------------------------------------------------------------------------------------------------------------------------------------------------
Product :	HINGE_FRP54-H221_ASM
Date    :	Monday, 21 September 2020 14:30:38
Author  :	dpsdd17103
----------------------------------------------------------------------------------------------------------------------------------------------------------------------------------------------------------------------------------------------------------------------------------------------------------------------------------------------------
Component               | Sub-Component           | Area[m2]        | Volume[m3]      | Density[kg_m3]  | Mass[kg]        | Gx[mm]          | Gy[mm]          | Gz[mm]          | M1[kgxm2]       | M2[kgxm2]       | M3[kgxm2]       | IoxG[kgxm2]     | IoyG[kgxm2]     | IozG[kgxm2]     | IxyG[kgxm2]     | IxzG[kgxm2]     | IyzG[kgxm2]     | 
----------------------------------------------------------------------------------------------------------------------------------------------------------------------------------------------------------------------------------------------------------------------------------------------------------------------------------------------------
0                       |                         | 0.024           | 3.39398e-005    | 2000.000        | 0.068           | 3.4459e-010     | 47.071          | 1.289           | 2.625e-005      | 0.000115803     | 0.000140549     | 1.158e-004      | 1.405e-004      | 2.625e-005      | 0               | 0               | -2.125e-007     | 
1                       |                         | 0.007           | 9.24653e-006    | 2000.000        | 0.018           | -9.86782e-007   | 20.854          | 70.309          | 4.22104e-006    | 7.29842e-006    | 1.14785e-005    | 7.298e-006      | 4.221e-006      | 1.148e-005      | 0               | 6.311e-030      | 3.511e-008      | 
2                       |                         | 0.006           | 6.59239e-006    | 2000.000        | 0.013           | 7.6648e-010     | 24.037          | -70.500         | 3.59203e-006    | 4.13994e-006    | 7.71258e-006    | 4.14e-006       | 3.592e-006      | 7.713e-006      | 4.93e-032       | 0               | -1.059e-022     | 
3                       |                         | 0.00018435      | 1.191e-007      | 2000.000        | 0.000238201     | -24.000         | 42.000          | 70.856          | 6.46399e-010    | 2.7258e-009     | 2.7258e-009     | 2.726e-009      | 2.726e-009      | 6.464e-010      | 8.758e-047      | 3.009e-036      | 0               | 
4                       |                         | 0.00018435      | 1.191e-007      | 2000.000        | 0.000238201     | -18.000         | 48.000          | 70.856          | 6.46399e-010    | 2.7258e-009     | 2.7258e-009     | 2.726e-009      | 2.726e-009      | 6.464e-010      | 8.758e-047      | 3.009e-036      | 0               | 
5                       |                         | 0.00018435      | 1.191e-007      | 2000.000        | 0.000238201     | -6.000          | 48.000          | 70.856          | 6.46399e-010    | 2.7258e-009     | 2.7258e-009     | 2.726e-009      | 2.726e-009      | 6.464e-010      | 8.758e-047      | 3.009e-036      | 0               | 
6                       |                         | 0.00018435      | 1.191e-007      | 2000.000        | 0.000238201     | 6.000           | 48.000          | 70.856          | 6.46399e-010    | 2.7258e-009     | 2.7258e-009     | 2.726e-009      | 2.726e-009      | 6.464e-010      | 8.758e-047      | 3.009e-036      | 0               | 
7                       |                         | 0.00018435      | 1.191e-007      | 2000.000        | 0.000238201     | 18.000          | 48.000          | 70.856          | 6.46399e-010    | 2.7258e-009     | 2.7258e-009     | 2.726e-009      | 2.726e-009      | 6.464e-010      | 8.758e-047      | 3.009e-036      | 0               | 
8                       |                         | 0.00018435      | 1.191e-007      | 2000.000        | 0.000238201     | 24.000          | 42.000          | 70.856          | 6.46399e-010    | 2.7258e-009     | 2.7258e-009     | 2.726e-009      | 2.726e-009      | 6.464e-010      | 8.758e-047      | 3.009e-036      | 0               | 
9                       |                         | 0.00018435      | 1.191e-007      | 2000.000        | 0.000238201     | 18.000          | 48.000          | -70.856         | 6.46399e-010    | 2.7258e-009     | 2.7258e-009     | 2.726e-009      | 2.726e-009      | 6.464e-010      | -8.758e-047     | 3.009e-036      | 0               | 
10                      |                         | 0.00018435      | 1.191e-007      | 2000.000        | 0.000238201     | 24.000          | 42.000          | -70.856         | 6.46399e-010    | 2.7258e-009     | 2.7258e-009     | 2.726e-009      | 2.726e-009      | 6.464e-010      | -8.758e-047     | 3.009e-036      | 0               | 
11                      |                         | 0.00018435      | 1.191e-007      | 2000.000        | 0.000238201     | 6.000           | 48.000          | -70.856         | 6.46399e-010    | 2.7258e-009     | 2.7258e-009     | 2.726e-009      | 2.726e-009      | 6.464e-010      | -8.758e-047     | 3.009e-036      | 0               | 
12                      |                         | 0.00018435      | 1.191e-007      | 2000.000        | 0.000238201     | -6.000          | 48.000          | -70.856         | 6.46399e-010    | 2.7258e-009     | 2.7258e-009     | 2.726e-009      | 2.726e-009      | 6.464e-010      | -8.758e-047     | 3.009e-036      | 0               | 
13                      |                         | 0.00018435      | 1.191e-007      | 2000.000        | 0.000238201     | -18.000         | 48.000          | -70.856         | 6.46399e-010    | 2.7258e-009     | 2.7258e-009     | 2.726e-009      | 2.726e-009      | 6.464e-010      | -8.758e-047     | 3.009e-036      | 0               | 
14                      |                         | 0.00018435      | 1.191e-007      | 2000.000        | 0.000238201     | -24.000         | 42.000          | -70.856         | 6.46399e-010    | 2.7258e-009     | 2.7258e-009     | 2.726e-009      | 2.726e-009      | 6.464e-010      | -8.758e-047     | 3.009e-036      | 0               | 
----------------------------------------------------------------------------------------------------------------------------------------------------------------------------------------------------------------------------------------------------------------------------------------------------------------------------------------------------
----------------------------------------------------------------------------------------------------------------------------------------------------------------------------------------------------------------------------------------------------------------------------------------------------------------------------------------------------
HINGE_FRP54-H221_ASM    |                         | 0.040           | 5.12079e-005    | 2000.000        | 0.102           | -1.77855e-007   | 39.342          | 4.474           | 5.96447e-005    | 0.000310251     | 0.00031896      | 3.103e-004      | 3.187e-004      | 5.995e-005      | -3.374e-013     | 1.202e-012      | 8.958e-006      | 
----------------------------------------------------------------------------------------------------------------------------------------------------------------------------------------------------------------------------------------------------------------------------------------------------------------------------------------------------

